20
66.48498908509627 6.2728181326337475
2.0244422591806264 9.771619361790783
45.28651037407369 18.25093878221793
11.110132910994261 39.04081968641584
0.0 50.83786531086483
12.417083815007095 67.37027279409844
24.55943835067589 79.79477559120738
11.56888889988105 96.5439299443224
52.71320802134202 100.0
79.27993946868142 45.30215456931952
76.87335184526819 62.340257473819605
65.60133927962961 79.42781482396319
70.04885435110148 97.26318954740807
82.55157206413247 65.950510174573
90.20106241678326 25.572007337093172
32.68559080550853 50.87399061760779
67.73176145370225 33.34130812477927
99.99999999999999 6.749294383880622
76.69928117664169 0.0
51.36609185536835 0.8185310804521012
