11.276520804425754 8.183966441314361
0.13243289353942447 57.845881132970156
0.0 83.53235253764754
3.5547762392416757 99.11350930281407
43.2124617384009 83.64524177486258
42.136602790227144 100.0
60.0581540461292 96.18895528391491
69.54663023058613 96.10565533503728
48.85053248912716 52.818631056703566
100.0 47.826398719549715
99.3189582234463 41.86440002095518
97.22730857742025 24.884811046740765
53.056756164346716 45.60289308797786
38.131557268284375 42.06539998652736
31.334303571045147 18.209996367008696
83.55790497879474 0.0
11.640878926099068 2.3740458821234953
9.189360916300284 3.418877045641654
29.195982588962753 40.85269080015182
9.374150472878721 19.272338098819557
