20
19.741385088755813 100.0
61.80758061202687 95.09254654901751
52.38655187850868 99.33442055331001
73.2969444001714 91.02557718542778
54.91034598624016 65.60436695858095
64.40726189767602 54.96987596786429
100.0 82.317526307077
93.12145827963798 44.09325113536505
98.39397231672629 14.146828631594047
77.50070950263434 11.786991177284428
82.61310718664427 44.333132211164404
60.23971824950879 0.0
41.7257176035534 25.280012973983375
49.32067702947122 34.94293861155459
51.05716572656566 64.81702482383655
19.835181465049484 93.84100597509472
16.659549476311234 39.053798751338384
15.638500093565838 6.839746908425454
0.0 68.09164829026858
1.057497904733883 78.14004949188946
